6.0 0.9009993672370911 4.5 0.0 0.0 0.0 1.0
3.240000009536743 0.9009993672370911 3.049999952316284 0.0 0.7071067811865475 0.0 0.7071067811865476
6.869999885559082 0.9009993672370911 1.2999999523162842 0.0 0.7071067811865476 0.0 -0.7071067811865475
6.059999942779541 0.9009993672370911 1.149999976158142 0.0 0.0 0.0 1.0
6.059999942779541 0.9009993672370911 1.149999976158142 0.0 0.7071067811865475 0.0 0.7071067811865476
6.059999942779541 0.9009993672370911 1.149999976158142 0.0 1.0 0.0 6.123233995736766e-17
6.059999942779541 0.9009993672370911 1.149999976158142 0.0 0.7071067811865476 0.0 -0.7071067811865475
6.059999942779541 0.9009993672370911 1.149999976158142 0.0 0.0 0.0 1.0
6.059999942779541 0.9009993672370911 1.149999976158142 0.0 0.7071067811865475 0.0 0.7071067811865476
6.059999942779541 0.9009993672370911 1.149999976158142 0.0 1.0 0.0 6.123233995736766e-17
6.059999942779541 0.9009993672370911 1.149999976158142 0.0 0.7071067811865476 0.0 -0.7071067811865475
6.059999942779541 0.9009993672370911 1.149999976158142 0.0 0.0 0.0 1.0
3.240000009536743 0.9009993672370911 3.049999952316284 0.0 1.0 0.0 6.123233995736766e-17
6.059999942779541 0.9009993672370911 1.149999976158142 0.0 0.7071067811865475 0.0 0.7071067811865476
6.059999942779541 0.9009993672370911 1.149999976158142 0.0 1.0 0.0 6.123233995736766e-17
6.059999942779541 0.9009993672370911 1.149999976158142 0.0 0.7071067811865476 0.0 -0.7071067811865475
6.059999942779541 0.9009993672370911 1.149999976158142 0.0 0.0 0.0 1.0
6.059999942779541 0.9009993672370911 1.149999976158142 0.0 0.7071067811865475 0.0 0.7071067811865476
6.059999942779541 0.9009993672370911 1.149999976158142 0.0 1.0 0.0 6.123233995736766e-17
6.059999942779541 0.9009993672370911 1.149999976158142 0.0 0.7071067811865476 0.0 -0.7071067811865475
5.079999923706055 0.9009993672370911 1.4700000286102295 0.0 0.0 0.0 1.0
5.079999923706055 0.9009993672370911 1.4700000286102295 0.0 0.7071067811865475 0.0 0.7071067811865476
5.079999923706055 0.9009993672370911 1.4700000286102295 0.0 1.0 0.0 6.123233995736766e-17
3.240000009536743 0.9009993672370911 3.049999952316284 0.0 0.7071067811865476 0.0 -0.7071067811865475
5.079999923706055 0.9009993672370911 1.4700000286102295 0.0 0.7071067811865476 0.0 -0.7071067811865475
5.079999923706055 0.9009993672370911 1.4700000286102295 0.0 0.0 0.0 1.0
5.079999923706055 0.9009993672370911 1.4700000286102295 0.0 0.7071067811865475 0.0 0.7071067811865476
5.079999923706055 0.9009993672370911 1.4700000286102295 0.0 1.0 0.0 6.123233995736766e-17
5.079999923706055 0.9009993672370911 1.4700000286102295 0.0 0.7071067811865476 0.0 -0.7071067811865475
5.079999923706055 0.9009993672370911 1.9600000381469727 0.0 0.0 0.0 1.0
5.079999923706055 0.9009993672370911 1.9600000381469727 0.0 0.7071067811865475 0.0 0.7071067811865476
5.079999923706055 0.9009993672370911 1.9600000381469727 0.0 1.0 0.0 6.123233995736766e-17
5.079999923706055 0.9009993672370911 1.9600000381469727 0.0 0.7071067811865476 0.0 -0.7071067811865475
5.079999923706055 0.9009993672370911 1.9600000381469727 0.0 0.0 0.0 1.0
3.240000009536743 0.9009993672370911 3.049999952316284 0.0 0.0 0.0 1.0
5.079999923706055 0.9009993672370911 1.9600000381469727 0.0 0.7071067811865475 0.0 0.7071067811865476
5.079999923706055 0.9009993672370911 1.9600000381469727 0.0 1.0 0.0 6.123233995736766e-17
5.079999923706055 0.9009993672370911 1.9600000381469727 0.0 0.7071067811865476 0.0 -0.7071067811865475
5.079999923706055 0.9009993672370911 1.1200000047683716 0.0 0.0 0.0 1.0
5.079999923706055 0.9009993672370911 1.1200000047683716 0.0 0.7071067811865475 0.0 0.7071067811865476
5.079999923706055 0.9009993672370911 1.1200000047683716 0.0 1.0 0.0 6.123233995736766e-17
5.079999923706055 0.9009993672370911 1.1200000047683716 0.0 0.7071067811865476 0.0 -0.7071067811865475
5.079999923706055 0.9009993672370911 1.1200000047683716 0.0 0.0 0.0 1.0
5.079999923706055 0.9009993672370911 1.1200000047683716 0.0 0.7071067811865475 0.0 0.7071067811865476
5.079999923706055 0.9009993672370911 1.1200000047683716 0.0 1.0 0.0 6.123233995736766e-17
3.240000009536743 0.9009993672370911 3.049999952316284 0.0 0.7071067811865475 0.0 0.7071067811865476
5.079999923706055 0.9009993672370911 1.1200000047683716 0.0 0.7071067811865476 0.0 -0.7071067811865475
5.079999923706055 0.9009993672370911 1.1200000047683716 0.0 0.0 0.0 1.0
5.079999923706055 0.9009993672370911 1.1200000047683716 0.0 0.7071067811865475 0.0 0.7071067811865476
5.079999923706055 0.9009993672370911 1.1200000047683716 0.0 1.0 0.0 6.123233995736766e-17
5.079999923706055 0.9009993672370911 1.1200000047683716 0.0 0.7071067811865476 0.0 -0.7071067811865475
5.079999923706055 0.9009993672370911 1.6200000047683716 0.0 0.0 0.0 1.0
5.079999923706055 0.9009993672370911 1.6200000047683716 0.0 0.7071067811865475 0.0 0.7071067811865476
5.079999923706055 0.9009993672370911 1.6200000047683716 0.0 1.0 0.0 6.123233995736766e-17
5.079999923706055 0.9009993672370911 1.6200000047683716 0.0 0.7071067811865476 0.0 -0.7071067811865475
5.079999923706055 0.9009993672370911 1.6200000047683716 0.0 0.0 0.0 1.0
3.240000009536743 0.9009993672370911 3.049999952316284 0.0 1.0 0.0 6.123233995736766e-17
5.079999923706055 0.9009993672370911 1.6200000047683716 0.0 0.7071067811865475 0.0 0.7071067811865476
5.079999923706055 0.9009993672370911 1.6200000047683716 0.0 1.0 0.0 6.123233995736766e-17
5.079999923706055 0.9009993672370911 1.6200000047683716 0.0 0.7071067811865476 0.0 -0.7071067811865475
4.260000228881836 0.9009993672370911 2.180000066757202 0.0 0.0 0.0 1.0
4.260000228881836 0.9009993672370911 2.180000066757202 0.0 0.7071067811865475 0.0 0.7071067811865476
4.260000228881836 0.9009993672370911 2.180000066757202 0.0 1.0 0.0 6.123233995736766e-17
4.260000228881836 0.9009993672370911 2.180000066757202 0.0 0.7071067811865476 0.0 -0.7071067811865475
4.019999980926514 0.9009993672370911 2.180000066757202 0.0 0.0 0.0 1.0
4.019999980926514 0.9009993672370911 2.180000066757202 0.0 0.7071067811865475 0.0 0.7071067811865476
4.019999980926514 0.9009993672370911 2.180000066757202 0.0 1.0 0.0 6.123233995736766e-17
3.240000009536743 0.9009993672370911 3.049999952316284 0.0 0.7071067811865476 0.0 -0.7071067811865475
4.019999980926514 0.9009993672370911 2.180000066757202 0.0 0.7071067811865476 0.0 -0.7071067811865475
4.019999980926514 0.9009993672370911 2.180000066757202 0.0 0.0 0.0 1.0
4.019999980926514 0.9009993672370911 2.180000066757202 0.0 0.7071067811865475 0.0 0.7071067811865476
4.019999980926514 0.9009993672370911 2.180000066757202 0.0 1.0 0.0 6.123233995736766e-17
4.019999980926514 0.9009993672370911 2.180000066757202 0.0 0.7071067811865476 0.0 -0.7071067811865475
3.2799999713897705 0.9009993672370911 2.549999952316284 0.0 0.0 0.0 1.0
3.2799999713897705 0.9009993672370911 2.549999952316284 0.0 0.7071067811865475 0.0 0.7071067811865476
3.2799999713897705 0.9009993672370911 2.549999952316284 0.0 1.0 0.0 6.123233995736766e-17
3.2799999713897705 0.9009993672370911 2.549999952316284 0.0 0.7071067811865476 0.0 -0.7071067811865475
3.180000066757202 0.9009993672370911 2.549999952316284 0.0 0.0 0.0 1.0
6.769999980926514 0.9009993672370911 1.7599999904632568 0.0 0.0 0.0 1.0
3.180000066757202 0.9009993672370911 2.549999952316284 0.0 0.7071067811865475 0.0 0.7071067811865476
3.180000066757202 0.9009993672370911 2.549999952316284 0.0 1.0 0.0 6.123233995736766e-17
3.180000066757202 0.9009993672370911 2.549999952316284 0.0 0.7071067811865476 0.0 -0.7071067811865475
2.9800000190734863 0.9009993672370911 2.4100000858306885 0.0 0.0 0.0 1.0
2.9800000190734863 0.9009993672370911 2.4100000858306885 0.0 0.7071067811865475 0.0 0.7071067811865476
2.9800000190734863 0.9009993672370911 2.4100000858306885 0.0 1.0 0.0 6.123233995736766e-17
2.9800000190734863 0.9009993672370911 2.4100000858306885 0.0 0.7071067811865476 0.0 -0.7071067811865475
2.9800000190734863 0.9009993672370911 2.4100000858306885 0.0 0.0 0.0 1.0
2.9800000190734863 0.9009993672370911 2.4100000858306885 0.0 0.7071067811865475 0.0 0.7071067811865476
2.9800000190734863 0.9009993672370911 2.4100000858306885 0.0 1.0 0.0 6.123233995736766e-17
6.769999980926514 0.9009993672370911 1.7599999904632568 0.0 0.7071067811865475 0.0 0.7071067811865476
2.9800000190734863 0.9009993672370911 2.4100000858306885 0.0 0.7071067811865476 0.0 -0.7071067811865475
2.9700000286102295 0.9009993672370911 2.3399999141693115 0.0 0.0 0.0 1.0
2.9700000286102295 0.9009993672370911 2.3399999141693115 0.0 0.7071067811865475 0.0 0.7071067811865476
2.9700000286102295 0.9009993672370911 2.3399999141693115 0.0 1.0 0.0 6.123233995736766e-17
2.9700000286102295 0.9009993672370911 2.3399999141693115 0.0 0.7071067811865476 0.0 -0.7071067811865475
2.9600000381469727 0.9009993672370911 2.2300000190734863 0.0 0.0 0.0 1.0
2.9600000381469727 0.9009993672370911 2.2300000190734863 0.0 0.7071067811865475 0.0 0.7071067811865476
2.9600000381469727 0.9009993672370911 2.2300000190734863 0.0 1.0 0.0 6.123233995736766e-17
2.9600000381469727 0.9009993672370911 2.2300000190734863 0.0 0.7071067811865476 0.0 -0.7071067811865475
2.9600000381469727 0.9009993672370911 2.2300000190734863 0.0 0.0 0.0 1.0
6.769999980926514 0.9009993672370911 1.7599999904632568 0.0 1.0 0.0 6.123233995736766e-17
2.9600000381469727 0.9009993672370911 2.2300000190734863 0.0 0.7071067811865475 0.0 0.7071067811865476
2.9600000381469727 0.9009993672370911 2.2300000190734863 0.0 1.0 0.0 6.123233995736766e-17
2.9600000381469727 0.9009993672370911 2.2300000190734863 0.0 0.7071067811865476 0.0 -0.7071067811865475
2.9700000286102295 0.9009993672370911 2.3399999141693115 0.0 0.0 0.0 1.0
2.9700000286102295 0.9009993672370911 2.3399999141693115 0.0 0.7071067811865475 0.0 0.7071067811865476
2.9700000286102295 0.9009993672370911 2.3399999141693115 0.0 1.0 0.0 6.123233995736766e-17
2.9700000286102295 0.9009993672370911 2.3399999141693115 0.0 0.7071067811865476 0.0 -0.7071067811865475
3.4800000190734863 0.9009993672370911 3.25 0.0 0.0 0.0 1.0
3.4800000190734863 0.9009993672370911 3.25 0.0 0.7071067811865475 0.0 0.7071067811865476
3.4800000190734863 0.9009993672370911 3.25 0.0 1.0 0.0 6.123233995736766e-17
6.0 0.9009993672370911 4.5 0.0 0.7071067811865475 0.0 0.7071067811865476
6.769999980926514 0.9009993672370911 1.7599999904632568 0.0 0.7071067811865476 0.0 -0.7071067811865475
3.4800000190734863 0.9009993672370911 3.25 0.0 0.7071067811865476 0.0 -0.7071067811865475
3.4800000190734863 0.9009993672370911 4.039999961853027 0.0 0.0 0.0 1.0
3.4800000190734863 0.9009993672370911 4.039999961853027 0.0 0.7071067811865475 0.0 0.7071067811865476
3.4800000190734863 0.9009993672370911 4.039999961853027 0.0 1.0 0.0 6.123233995736766e-17
3.4800000190734863 0.9009993672370911 4.039999961853027 0.0 0.7071067811865476 0.0 -0.7071067811865475
3.4800000190734863 0.9009993672370911 4.039999961853027 0.0 0.0 0.0 1.0
3.4800000190734863 0.9009993672370911 4.039999961853027 0.0 0.7071067811865475 0.0 0.7071067811865476
3.4800000190734863 0.9009993672370911 4.039999961853027 0.0 1.0 0.0 6.123233995736766e-17
3.4800000190734863 0.9009993672370911 4.039999961853027 0.0 0.7071067811865476 0.0 -0.7071067811865475
7.269999980926514 0.9009993672370911 4.039999961853027 0.0 0.0 0.0 1.0
6.769999980926514 0.9009993672370911 1.7599999904632568 0.0 0.0 0.0 1.0
7.269999980926514 0.9009993672370911 4.039999961853027 0.0 0.7071067811865475 0.0 0.7071067811865476
7.269999980926514 0.9009993672370911 4.039999961853027 0.0 1.0 0.0 6.123233995736766e-17
7.269999980926514 0.9009993672370911 4.039999961853027 0.0 0.7071067811865476 0.0 -0.7071067811865475
7.269999980926514 0.9009993672370911 4.039999961853027 0.0 0.0 0.0 1.0
7.269999980926514 0.9009993672370911 4.039999961853027 0.0 0.7071067811865475 0.0 0.7071067811865476
7.269999980926514 0.9009993672370911 4.039999961853027 0.0 1.0 0.0 6.123233995736766e-17
7.269999980926514 0.9009993672370911 4.039999961853027 0.0 0.7071067811865476 0.0 -0.7071067811865475
7.099999904632568 0.9009993672370911 1.1799999475479126 0.0 0.0 0.0 1.0
7.099999904632568 0.9009993672370911 1.1799999475479126 0.0 0.7071067811865475 0.0 0.7071067811865476
7.099999904632568 0.9009993672370911 1.1799999475479126 0.0 1.0 0.0 6.123233995736766e-17
6.769999980926514 0.9009993672370911 1.7599999904632568 0.0 0.7071067811865475 0.0 0.7071067811865476
7.099999904632568 0.9009993672370911 1.1799999475479126 0.0 0.7071067811865476 0.0 -0.7071067811865475
7.099999904632568 0.9009993672370911 0.7900000214576721 0.0 0.0 0.0 1.0
7.099999904632568 0.9009993672370911 0.7900000214576721 0.0 0.7071067811865475 0.0 0.7071067811865476
7.099999904632568 0.9009993672370911 0.7900000214576721 0.0 1.0 0.0 6.123233995736766e-17
7.099999904632568 0.9009993672370911 0.7900000214576721 0.0 0.7071067811865476 0.0 -0.7071067811865475
7.099999904632568 0.9009993672370911 0.7900000214576721 0.0 0.0 0.0 1.0
7.099999904632568 0.9009993672370911 0.7900000214576721 0.0 0.7071067811865475 0.0 0.7071067811865476
7.099999904632568 0.9009993672370911 0.7900000214576721 0.0 1.0 0.0 6.123233995736766e-17
7.099999904632568 0.9009993672370911 0.7900000214576721 0.0 0.7071067811865476 0.0 -0.7071067811865475
5.630000114440918 0.9009993672370911 0.7900000214576721 0.0 0.0 0.0 1.0
6.769999980926514 0.9009993672370911 1.7599999904632568 0.0 1.0 0.0 6.123233995736766e-17
5.630000114440918 0.9009993672370911 0.7900000214576721 0.0 0.7071067811865475 0.0 0.7071067811865476
5.630000114440918 0.9009993672370911 0.7900000214576721 0.0 1.0 0.0 6.123233995736766e-17
5.630000114440918 0.9009993672370911 0.7900000214576721 0.0 0.7071067811865476 0.0 -0.7071067811865475
5.630000114440918 0.9009993672370911 0.7900000214576721 0.0 0.0 0.0 1.0
5.630000114440918 0.9009993672370911 0.7900000214576721 0.0 0.7071067811865475 0.0 0.7071067811865476
5.630000114440918 0.9009993672370911 0.7900000214576721 0.0 1.0 0.0 6.123233995736766e-17
5.630000114440918 0.9009993672370911 0.7900000214576721 0.0 0.7071067811865476 0.0 -0.7071067811865475
2.559999942779541 0.9009993672370911 3.059999942779541 0.0 0.0 0.0 1.0
2.559999942779541 0.9009993672370911 3.059999942779541 0.0 0.7071067811865475 0.0 0.7071067811865476
2.559999942779541 0.9009993672370911 3.059999942779541 0.0 1.0 0.0 6.123233995736766e-17
6.769999980926514 0.9009993672370911 1.7599999904632568 0.0 0.7071067811865476 0.0 -0.7071067811865475
2.559999942779541 0.9009993672370911 3.059999942779541 0.0 0.7071067811865476 0.0 -0.7071067811865475
2.4800000190734863 0.9009993672370911 3.059999942779541 0.0 0.0 0.0 1.0
2.4800000190734863 0.9009993672370911 3.059999942779541 0.0 0.7071067811865475 0.0 0.7071067811865476
2.4800000190734863 0.9009993672370911 3.059999942779541 0.0 1.0 0.0 6.123233995736766e-17
2.4800000190734863 0.9009993672370911 3.059999942779541 0.0 0.7071067811865476 0.0 -0.7071067811865475
0.800000011920929 0.9009993672370911 3.059999942779541 0.0 0.0 0.0 1.0
0.800000011920929 0.9009993672370911 3.059999942779541 0.0 0.7071067811865475 0.0 0.7071067811865476
0.800000011920929 0.9009993672370911 3.059999942779541 0.0 1.0 0.0 6.123233995736766e-17
0.800000011920929 0.9009993672370911 3.059999942779541 0.0 0.7071067811865476 0.0 -0.7071067811865475
0.800000011920929 0.9009993672370911 3.059999942779541 0.0 0.0 0.0 1.0
5.039999961853027 0.9009993672370911 1.8600000143051147 0.0 0.0 0.0 1.0
0.800000011920929 0.9009993672370911 3.059999942779541 0.0 0.7071067811865475 0.0 0.7071067811865476
0.800000011920929 0.9009993672370911 3.059999942779541 0.0 1.0 0.0 6.123233995736766e-17
0.800000011920929 0.9009993672370911 3.059999942779541 0.0 0.7071067811865476 0.0 -0.7071067811865475
2.559999942779541 0.9009993672370911 3.059999942779541 0.0 0.0 0.0 1.0
2.559999942779541 0.9009993672370911 3.059999942779541 0.0 0.7071067811865475 0.0 0.7071067811865476
2.559999942779541 0.9009993672370911 3.059999942779541 0.0 1.0 0.0 6.123233995736766e-17
2.559999942779541 0.9009993672370911 3.059999942779541 0.0 0.7071067811865476 0.0 -0.7071067811865475
2.6700000762939453 0.9009993672370911 2.869999885559082 0.0 0.0 0.0 1.0
2.6700000762939453 0.9009993672370911 2.869999885559082 0.0 0.7071067811865475 0.0 0.7071067811865476
2.6700000762939453 0.9009993672370911 2.869999885559082 0.0 1.0 0.0 6.123233995736766e-17
5.039999961853027 0.9009993672370911 1.8600000143051147 0.0 0.7071067811865475 0.0 0.7071067811865476
2.6700000762939453 0.9009993672370911 2.869999885559082 0.0 0.7071067811865476 0.0 -0.7071067811865475
2.6700000762939453 0.9009993672370911 2.4100000858306885 0.0 0.0 0.0 1.0
2.6700000762939453 0.9009993672370911 2.4100000858306885 0.0 0.7071067811865475 0.0 0.7071067811865476
2.6700000762939453 0.9009993672370911 2.4100000858306885 0.0 1.0 0.0 6.123233995736766e-17
2.6700000762939453 0.9009993672370911 2.4100000858306885 0.0 0.7071067811865476 0.0 -0.7071067811865475
2.6700000762939453 0.9009993672370911 2.4100000858306885 0.0 0.0 0.0 1.0
2.6700000762939453 0.9009993672370911 2.4100000858306885 0.0 0.7071067811865475 0.0 0.7071067811865476
2.6700000762939453 0.9009993672370911 2.4100000858306885 0.0 1.0 0.0 6.123233995736766e-17
2.6700000762939453 0.9009993672370911 2.4100000858306885 0.0 0.7071067811865476 0.0 -0.7071067811865475
2.6700000762939453 0.9009993672370911 2.869999885559082 0.0 0.0 0.0 1.0
5.039999961853027 0.9009993672370911 1.8600000143051147 0.0 1.0 0.0 6.123233995736766e-17
2.6700000762939453 0.9009993672370911 2.869999885559082 0.0 0.7071067811865475 0.0 0.7071067811865476
2.6700000762939453 0.9009993672370911 2.869999885559082 0.0 1.0 0.0 6.123233995736766e-17
2.6700000762939453 0.9009993672370911 2.869999885559082 0.0 0.7071067811865476 0.0 -0.7071067811865475
2.559999942779541 0.9009993672370911 4.010000228881836 0.0 0.0 0.0 1.0
2.559999942779541 0.9009993672370911 4.010000228881836 0.0 0.7071067811865475 0.0 0.7071067811865476
2.559999942779541 0.9009993672370911 4.010000228881836 0.0 1.0 0.0 6.123233995736766e-17
2.559999942779541 0.9009993672370911 4.010000228881836 0.0 0.7071067811865476 0.0 -0.7071067811865475
2.559999942779541 0.9009993672370911 4.039999961853027 0.0 0.0 0.0 1.0
2.559999942779541 0.9009993672370911 4.039999961853027 0.0 0.7071067811865475 0.0 0.7071067811865476
2.559999942779541 0.9009993672370911 4.039999961853027 0.0 1.0 0.0 6.123233995736766e-17
5.039999961853027 0.9009993672370911 1.8600000143051147 0.0 0.7071067811865476 0.0 -0.7071067811865475
2.559999942779541 0.9009993672370911 4.039999961853027 0.0 0.7071067811865476 0.0 -0.7071067811865475
2.559999942779541 0.9009993672370911 4.039999961853027 0.0 0.0 0.0 1.0
2.559999942779541 0.9009993672370911 4.039999961853027 0.0 0.7071067811865475 0.0 0.7071067811865476
2.559999942779541 0.9009993672370911 4.039999961853027 0.0 1.0 0.0 6.123233995736766e-17
2.559999942779541 0.9009993672370911 4.039999961853027 0.0 0.7071067811865476 0.0 -0.7071067811865475
2.559999942779541 0.9009993672370911 4.010000228881836 0.0 0.0 0.0 1.0
2.559999942779541 0.9009993672370911 4.010000228881836 0.0 0.7071067811865475 0.0 0.7071067811865476
2.559999942779541 0.9009993672370911 4.010000228881836 0.0 1.0 0.0 6.123233995736766e-17
2.559999942779541 0.9009993672370911 4.010000228881836 0.0 0.7071067811865476 0.0 -0.7071067811865475
2.6700000762939453 0.9009993672370911 3.7699999809265137 0.0 0.0 0.0 1.0
5.039999961853027 0.9009993672370911 1.8600000143051147 0.0 0.0 0.0 1.0
2.6700000762939453 0.9009993672370911 3.7699999809265137 0.0 0.7071067811865475 0.0 0.7071067811865476
2.6700000762939453 0.9009993672370911 3.7699999809265137 0.0 1.0 0.0 6.123233995736766e-17
2.6700000762939453 0.9009993672370911 3.7699999809265137 0.0 0.7071067811865476 0.0 -0.7071067811865475
3.180000066757202 0.9009993672370911 3.049999952316284 0.0 0.0 0.0 1.0
3.180000066757202 0.9009993672370911 3.049999952316284 0.0 0.7071067811865475 0.0 0.7071067811865476
3.180000066757202 0.9009993672370911 3.049999952316284 0.0 1.0 0.0 6.123233995736766e-17
3.180000066757202 0.9009993672370911 3.049999952316284 0.0 0.7071067811865476 0.0 -0.7071067811865475
4.840000152587891 0.9009993672370911 2.4100000858306885 0.0 0.0 0.0 1.0
4.840000152587891 0.9009993672370911 2.4100000858306885 0.0 0.7071067811865475 0.0 0.7071067811865476
4.840000152587891 0.9009993672370911 2.4100000858306885 0.0 1.0 0.0 6.123233995736766e-17
6.0 0.9009993672370911 4.5 0.0 1.0 0.0 6.123233995736766e-17
5.039999961853027 0.9009993672370911 1.8600000143051147 0.0 0.7071067811865475 0.0 0.7071067811865476
4.840000152587891 0.9009993672370911 2.4100000858306885 0.0 0.7071067811865476 0.0 -0.7071067811865475
4.840000152587891 0.9009993672370911 2.4100000858306885 0.0 0.0 0.0 1.0
4.840000152587891 0.9009993672370911 2.4100000858306885 0.0 0.7071067811865475 0.0 0.7071067811865476
4.840000152587891 0.9009993672370911 2.4100000858306885 0.0 1.0 0.0 6.123233995736766e-17
4.840000152587891 0.9009993672370911 2.4100000858306885 0.0 0.7071067811865476 0.0 -0.7071067811865475
4.840000152587891 0.9009993672370911 2.4100000858306885 0.0 0.0 0.0 1.0
4.840000152587891 0.9009993672370911 2.4100000858306885 0.0 0.7071067811865475 0.0 0.7071067811865476
4.840000152587891 0.9009993672370911 2.4100000858306885 0.0 1.0 0.0 6.123233995736766e-17
4.840000152587891 0.9009993672370911 2.4100000858306885 0.0 0.7071067811865476 0.0 -0.7071067811865475
5.039999961853027 0.9009993672370911 1.6299999952316284 0.0 0.0 0.0 1.0
5.039999961853027 0.9009993672370911 1.8600000143051147 0.0 1.0 0.0 6.123233995736766e-17
5.039999961853027 0.9009993672370911 1.6299999952316284 0.0 0.7071067811865475 0.0 0.7071067811865476
5.039999961853027 0.9009993672370911 1.6299999952316284 0.0 1.0 0.0 6.123233995736766e-17
5.039999961853027 0.9009993672370911 1.6299999952316284 0.0 0.7071067811865476 0.0 -0.7071067811865475
5.039999961853027 0.9009993672370911 0.7900000214576721 0.0 0.0 0.0 1.0
5.039999961853027 0.9009993672370911 0.7900000214576721 0.0 0.7071067811865475 0.0 0.7071067811865476
5.039999961853027 0.9009993672370911 0.7900000214576721 0.0 1.0 0.0 6.123233995736766e-17
5.039999961853027 0.9009993672370911 0.7900000214576721 0.0 0.7071067811865476 0.0 -0.7071067811865475
5.039999961853027 0.9009993672370911 0.7900000214576721 0.0 0.0 0.0 1.0
5.039999961853027 0.9009993672370911 0.7900000214576721 0.0 0.7071067811865475 0.0 0.7071067811865476
5.039999961853027 0.9009993672370911 0.7900000214576721 0.0 1.0 0.0 6.123233995736766e-17
5.039999961853027 0.9009993672370911 1.8600000143051147 0.0 0.7071067811865476 0.0 -0.7071067811865475
5.039999961853027 0.9009993672370911 0.7900000214576721 0.0 0.7071067811865476 0.0 -0.7071067811865475
7.269999980926514 0.9009993672370911 1.3700000047683716 0.0 0.0 0.0 1.0
7.269999980926514 0.9009993672370911 1.3700000047683716 0.0 0.7071067811865475 0.0 0.7071067811865476
7.269999980926514 0.9009993672370911 1.3700000047683716 0.0 1.0 0.0 6.123233995736766e-17
7.269999980926514 0.9009993672370911 1.3700000047683716 0.0 0.7071067811865476 0.0 -0.7071067811865475
7.269999980926514 0.9009993672370911 1.3700000047683716 0.0 0.0 0.0 1.0
7.269999980926514 0.9009993672370911 1.3700000047683716 0.0 0.7071067811865475 0.0 0.7071067811865476
7.269999980926514 0.9009993672370911 1.3700000047683716 0.0 1.0 0.0 6.123233995736766e-17
7.269999980926514 0.9009993672370911 1.3700000047683716 0.0 0.7071067811865476 0.0 -0.7071067811865475
7.269999980926514 0.9009993672370911 4.039999961853027 0.0 0.0 0.0 1.0
5.039999961853027 0.9009993672370911 1.8600000143051147 0.0 0.0 0.0 1.0
7.269999980926514 0.9009993672370911 4.039999961853027 0.0 0.7071067811865475 0.0 0.7071067811865476
7.269999980926514 0.9009993672370911 4.039999961853027 0.0 1.0 0.0 6.123233995736766e-17
7.269999980926514 0.9009993672370911 4.039999961853027 0.0 0.7071067811865476 0.0 -0.7071067811865475
7.269999980926514 0.9009993672370911 4.039999961853027 0.0 0.0 0.0 1.0
7.269999980926514 0.9009993672370911 4.039999961853027 0.0 0.7071067811865475 0.0 0.7071067811865476
7.269999980926514 0.9009993672370911 4.039999961853027 0.0 1.0 0.0 6.123233995736766e-17
7.269999980926514 0.9009993672370911 4.039999961853027 0.0 0.7071067811865476 0.0 -0.7071067811865475
4.960000038146973 0.9009993672370911 3.869999885559082 0.0 0.0 0.0 1.0
4.960000038146973 0.9009993672370911 3.869999885559082 0.0 0.7071067811865475 0.0 0.7071067811865476
4.960000038146973 0.9009993672370911 3.869999885559082 0.0 1.0 0.0 6.123233995736766e-17
5.039999961853027 0.9009993672370911 1.8600000143051147 0.0 0.7071067811865475 0.0 0.7071067811865476
4.960000038146973 0.9009993672370911 3.869999885559082 0.0 0.7071067811865476 0.0 -0.7071067811865475
3.2799999713897705 0.9009993672370911 3.049999952316284 0.0 0.0 0.0 1.0
3.2799999713897705 0.9009993672370911 3.049999952316284 0.0 0.7071067811865475 0.0 0.7071067811865476
3.2799999713897705 0.9009993672370911 3.049999952316284 0.0 1.0 0.0 6.123233995736766e-17
3.2799999713897705 0.9009993672370911 3.049999952316284 0.0 0.7071067811865476 0.0 -0.7071067811865475
3.180000066757202 0.9009993672370911 3.049999952316284 0.0 0.0 0.0 1.0
3.180000066757202 0.9009993672370911 3.049999952316284 0.0 0.7071067811865475 0.0 0.7071067811865476
3.180000066757202 0.9009993672370911 3.049999952316284 0.0 1.0 0.0 6.123233995736766e-17
3.180000066757202 0.9009993672370911 3.049999952316284 0.0 0.7071067811865476 0.0 -0.7071067811865475
2.6700000762939453 0.9009993672370911 3.7699999809265137 0.0 0.0 0.0 1.0
5.039999961853027 0.9009993672370911 1.8600000143051147 0.0 1.0 0.0 6.123233995736766e-17
2.6700000762939453 0.9009993672370911 3.7699999809265137 0.0 0.7071067811865475 0.0 0.7071067811865476
2.6700000762939453 0.9009993672370911 3.7699999809265137 0.0 1.0 0.0 6.123233995736766e-17
2.6700000762939453 0.9009993672370911 3.7699999809265137 0.0 0.7071067811865476 0.0 -0.7071067811865475
2.569999933242798 0.9009993672370911 3.9800000190734863 0.0 0.0 0.0 1.0
2.569999933242798 0.9009993672370911 3.9800000190734863 0.0 0.7071067811865475 0.0 0.7071067811865476
2.569999933242798 0.9009993672370911 3.9800000190734863 0.0 1.0 0.0 6.123233995736766e-17
2.569999933242798 0.9009993672370911 3.9800000190734863 0.0 0.7071067811865476 0.0 -0.7071067811865475
2.569999933242798 0.9009993672370911 3.9800000190734863 0.0 0.0 0.0 1.0
2.569999933242798 0.9009993672370911 3.9800000190734863 0.0 0.7071067811865475 0.0 0.7071067811865476
2.569999933242798 0.9009993672370911 3.9800000190734863 0.0 1.0 0.0 6.123233995736766e-17
5.039999961853027 0.9009993672370911 1.8600000143051147 0.0 0.7071067811865476 0.0 -0.7071067811865475
2.569999933242798 0.9009993672370911 3.9800000190734863 0.0 0.7071067811865476 0.0 -0.7071067811865475
0.7900000214576721 0.9009993672370911 4.489999771118164 0.0 0.0 0.0 1.0
0.7900000214576721 0.9009993672370911 4.489999771118164 0.0 0.7071067811865475 0.0 0.7071067811865476
0.7900000214576721 0.9009993672370911 4.489999771118164 0.0 1.0 0.0 6.123233995736766e-17
0.7900000214576721 0.9009993672370911 4.489999771118164 0.0 0.7071067811865476 0.0 -0.7071067811865475
0.7900000214576721 0.9009993672370911 4.489999771118164 0.0 0.0 0.0 1.0
0.7900000214576721 0.9009993672370911 4.489999771118164 0.0 0.7071067811865475 0.0 0.7071067811865476
0.7900000214576721 0.9009993672370911 4.489999771118164 0.0 1.0 0.0 6.123233995736766e-17
0.7900000214576721 0.9009993672370911 4.489999771118164 0.0 0.7071067811865476 0.0 -0.7071067811865475
3.180000066757202 0.9009993672370911 3.049999952316284 0.0 0.0 0.0 1.0
5.019999980926514 0.9009993672370911 1.8700000047683716 0.0 0.0 0.0 1.0
3.180000066757202 0.9009993672370911 3.049999952316284 0.0 0.7071067811865475 0.0 0.7071067811865476
3.180000066757202 0.9009993672370911 3.049999952316284 0.0 1.0 0.0 6.123233995736766e-17
3.180000066757202 0.9009993672370911 3.049999952316284 0.0 0.7071067811865476 0.0 -0.7071067811865475
3.2799999713897705 0.9009993672370911 3.049999952316284 0.0 0.0 0.0 1.0
3.2799999713897705 0.9009993672370911 3.049999952316284 0.0 0.7071067811865475 0.0 0.7071067811865476
3.2799999713897705 0.9009993672370911 3.049999952316284 0.0 1.0 0.0 6.123233995736766e-17
3.2799999713897705 0.9009993672370911 3.049999952316284 0.0 0.7071067811865476 0.0 -0.7071067811865475
4.340000152587891 0.9009993672370911 4.150000095367432 0.0 0.0 0.0 1.0
4.340000152587891 0.9009993672370911 4.150000095367432 0.0 0.7071067811865475 0.0 0.7071067811865476
4.340000152587891 0.9009993672370911 4.150000095367432 0.0 1.0 0.0 6.123233995736766e-17
5.019999980926514 0.9009993672370911 1.8700000047683716 0.0 0.7071067811865475 0.0 0.7071067811865476
4.340000152587891 0.9009993672370911 4.150000095367432 0.0 0.7071067811865476 0.0 -0.7071067811865475
5.019999980926514 0.9009993672370911 1.8700000047683716 0.0 1.0 0.0 6.123233995736766e-17
6.0 0.9009993672370911 4.5 0.0 0.7071067811865476 0.0 -0.7071067811865475
5.019999980926514 0.9009993672370911 1.8700000047683716 0.0 0.7071067811865476 0.0 -0.7071067811865475
5.019999980926514 0.9009993672370911 1.8700000047683716 0.0 0.0 0.0 1.0
5.019999980926514 0.9009993672370911 1.8700000047683716 0.0 0.7071067811865475 0.0 0.7071067811865476
5.019999980926514 0.9009993672370911 1.8700000047683716 0.0 1.0 0.0 6.123233995736766e-17
5.019999980926514 0.9009993672370911 1.8700000047683716 0.0 0.7071067811865476 0.0 -0.7071067811865475
4.260000228881836 0.9009993672370911 2.180000066757202 0.0 0.0 0.0 1.0
4.260000228881836 0.9009993672370911 2.180000066757202 0.0 0.7071067811865475 0.0 0.7071067811865476
4.260000228881836 0.9009993672370911 2.180000066757202 0.0 1.0 0.0 6.123233995736766e-17
4.260000228881836 0.9009993672370911 2.180000066757202 0.0 0.7071067811865476 0.0 -0.7071067811865475
3.9800000190734863 0.9009993672370911 2.180000066757202 0.0 0.0 0.0 1.0
3.2799999713897705 0.9009993672370911 3.049999952316284 0.0 0.0 0.0 1.0
3.9800000190734863 0.9009993672370911 2.180000066757202 0.0 0.7071067811865475 0.0 0.7071067811865476
3.9800000190734863 0.9009993672370911 2.180000066757202 0.0 1.0 0.0 6.123233995736766e-17
3.9800000190734863 0.9009993672370911 2.180000066757202 0.0 0.7071067811865476 0.0 -0.7071067811865475
3.9800000190734863 0.9009993672370911 2.180000066757202 0.0 0.0 0.0 1.0
3.9800000190734863 0.9009993672370911 2.180000066757202 0.0 0.7071067811865475 0.0 0.7071067811865476
3.9800000190734863 0.9009993672370911 2.180000066757202 0.0 1.0 0.0 6.123233995736766e-17
3.9800000190734863 0.9009993672370911 2.180000066757202 0.0 0.7071067811865476 0.0 -0.7071067811865475
2.559999942779541 0.9009993672370911 3.059999942779541 0.0 0.0 0.0 1.0
2.559999942779541 0.9009993672370911 3.059999942779541 0.0 0.7071067811865475 0.0 0.7071067811865476
2.559999942779541 0.9009993672370911 3.059999942779541 0.0 1.0 0.0 6.123233995736766e-17
3.2799999713897705 0.9009993672370911 3.049999952316284 0.0 0.7071067811865475 0.0 0.7071067811865476
2.559999942779541 0.9009993672370911 3.059999942779541 0.0 0.7071067811865476 0.0 -0.7071067811865475
2.4800000190734863 0.9009993672370911 3.059999942779541 0.0 0.0 0.0 1.0
2.4800000190734863 0.9009993672370911 3.059999942779541 0.0 0.7071067811865475 0.0 0.7071067811865476
2.4800000190734863 0.9009993672370911 3.059999942779541 0.0 1.0 0.0 6.123233995736766e-17
2.4800000190734863 0.9009993672370911 3.059999942779541 0.0 0.7071067811865476 0.0 -0.7071067811865475
1.3600000143051147 0.9009993672370911 3.059999942779541 0.0 0.0 0.0 1.0
1.3600000143051147 0.9009993672370911 3.059999942779541 0.0 0.7071067811865475 0.0 0.7071067811865476
1.3600000143051147 0.9009993672370911 3.059999942779541 0.0 1.0 0.0 6.123233995736766e-17
1.3600000143051147 0.9009993672370911 3.059999942779541 0.0 0.7071067811865476 0.0 -0.7071067811865475
1.3600000143051147 0.9009993672370911 3.059999942779541 0.0 0.0 0.0 1.0
3.2799999713897705 0.9009993672370911 3.049999952316284 0.0 1.0 0.0 6.123233995736766e-17
1.3600000143051147 0.9009993672370911 3.059999942779541 0.0 0.7071067811865475 0.0 0.7071067811865476
1.3600000143051147 0.9009993672370911 3.059999942779541 0.0 1.0 0.0 6.123233995736766e-17
1.3600000143051147 0.9009993672370911 3.059999942779541 0.0 0.7071067811865476 0.0 -0.7071067811865475
2.559999942779541 0.9009993672370911 3.059999942779541 0.0 0.0 0.0 1.0
2.559999942779541 0.9009993672370911 3.059999942779541 0.0 0.7071067811865475 0.0 0.7071067811865476
2.559999942779541 0.9009993672370911 3.059999942779541 0.0 1.0 0.0 6.123233995736766e-17
2.559999942779541 0.9009993672370911 3.059999942779541 0.0 0.7071067811865476 0.0 -0.7071067811865475
4.960000038146973 0.9009993672370911 2.549999952316284 0.0 0.0 0.0 1.0
4.960000038146973 0.9009993672370911 2.549999952316284 0.0 0.7071067811865475 0.0 0.7071067811865476
4.960000038146973 0.9009993672370911 2.549999952316284 0.0 1.0 0.0 6.123233995736766e-17
3.2799999713897705 0.9009993672370911 3.049999952316284 0.0 0.7071067811865476 0.0 -0.7071067811865475
4.960000038146973 0.9009993672370911 2.549999952316284 0.0 0.7071067811865476 0.0 -0.7071067811865475
6.869999885559082 0.9009993672370911 2.549999952316284 0.0 0.0 0.0 1.0
6.869999885559082 0.9009993672370911 2.549999952316284 0.0 0.7071067811865475 0.0 0.7071067811865476
6.869999885559082 0.9009993672370911 2.549999952316284 0.0 1.0 0.0 6.123233995736766e-17
6.869999885559082 0.9009993672370911 2.549999952316284 0.0 0.7071067811865476 0.0 -0.7071067811865475
6.869999885559082 0.9009993672370911 2.549999952316284 0.0 0.0 0.0 1.0
6.869999885559082 0.9009993672370911 2.549999952316284 0.0 0.7071067811865475 0.0 0.7071067811865476
6.869999885559082 0.9009993672370911 2.549999952316284 0.0 1.0 0.0 6.123233995736766e-17
6.869999885559082 0.9009993672370911 2.549999952316284 0.0 0.7071067811865476 0.0 -0.7071067811865475
6.869999885559082 0.9009993672370911 1.2999999523162842 0.0 0.0 0.0 1.0
3.240000009536743 0.9009993672370911 3.049999952316284 0.0 0.0 0.0 1.0
6.869999885559082 0.9009993672370911 1.2999999523162842 0.0 0.7071067811865475 0.0 0.7071067811865476
6.869999885559082 0.9009993672370911 1.2999999523162842 0.0 1.0 0.0 6.123233995736766e-17
6.869999885559082 0.9009993672370911 1.2999999523162842 0.0 0.7071067811865476 0.0 -0.7071067811865475
6.869999885559082 0.9009993672370911 1.2999999523162842 0.0 0.0 0.0 1.0
6.869999885559082 0.9009993672370911 1.2999999523162842 0.0 0.7071067811865475 0.0 0.7071067811865476
6.869999885559082 0.9009993672370911 1.2999999523162842 0.0 1.0 0.0 6.123233995736766e-17
6.869999885559082 0.9009993672370911 1.2999999523162842 0.0 0.7071067811865476 0.0 -0.7071067811865475
6.869999885559082 0.9009993672370911 1.2999999523162842 0.0 0.0 0.0 1.0
6.869999885559082 0.9009993672370911 1.2999999523162842 0.0 0.7071067811865475 0.0 0.7071067811865476
6.869999885559082 0.9009993672370911 1.2999999523162842 0.0 1.0 0.0 6.123233995736766e-17
